== China
147509356
2284977041
244556392
1535417329
60739679
2424798123
2423368584
1513524586
2391522777
421632648
190234
2344238039
110854045
2397294291
3091102190
2501664266
2675752189
2440146101
2418972838
2749281312
528023018
471457533
51589389
2391522777
87266593
438467926
3056453230
364031807
430682910
204091662
874359429
3037489403
2168791000
1198103921
138296729
565214039
1236240404
1115033111
2489351176
1697243069
55887600
1457116794
3044066552
2436481628
393808286
1915584628
3012177498
2470392066
2214593539
2108788749

== Japan
518841549
2886309102
2375953885
2133120969
2311125167
123787835
2603984685
416045372
2334556526
483343099
263960375
2223124206
3161124065
452416135
3005861124
3174580790
315116528
2373501536
32546829
223335404
300765569
1337148692
2168860090
2694978399
364555374
61351024
2368791645
2369626458
2369626402
2369626888
2809432478
505999553
29096429
3055285093
3112428320
3112428340
426923164
1230570
3165459099
483343099
352737582
2383755421
726830658
31790159
2850398362
39043447
70027187
889335844
1056705925
1694950

== United States
3004717988
2057361436
428046810
211924140
2365116301
2219801182
1461858854
272822610
280930372
2860692024
2957711122
451006608
13935114
15589224
1473443506
3118000837
2751491084
161985026
127765125
2846885229
1387335182
2695066602
431164133
555268428
2873357130
2285645113
2939382589
1415835660
1415833832
1415835598
1414954843
1415835528
2721729985
1053257131
184991925
331964858
3189205344
50083818
2985567185
512530623
2736318251
2697036108
430013298
50596067
2344964879
2843233698
1795262601
180052837
2944541299
1498273430